// MS Flat Bars — Real client data
// weightPerPiece = weightKgPerMtr × 6m (standard length)
const fl = (w, t, wpm) => ({
  id: `msf-${w}-${t}`,
  size: `${w}mm × ${t}mm`,
  flatWidth: w,
  thickness: t,
  weightPerMeter: wpm,
  weightPerPiece: parseFloat((wpm * 6).toFixed(3)),
  pricePerTon: 67000,
  unit: 'Nos',
  length: '6m',
});

export const msFlatItems = [
  // ─── 20mm Width ───────────────────────────────────────────
  fl(20,6,0.942),  fl(20,8,1.256),  fl(20,10,1.570), fl(20,12,1.884),
  fl(20,16,2.512), fl(20,20,3.140), fl(20,25,3.925), fl(20,32,5.024),
  fl(20,40,6.280), fl(20,50,7.850), fl(20,65,10.205),fl(20,75,11.775),
  fl(20,80,12.560),fl(20,90,14.130),fl(20,100,15.700),

  // ─── 25mm Width ───────────────────────────────────────────
  fl(25,6,1.177),  fl(25,8,1.570),  fl(25,10,1.962), fl(25,12,2.355),
  fl(25,16,3.140), fl(25,20,3.925), fl(25,25,4.906), fl(25,32,6.280),
  fl(25,40,7.850), fl(25,50,9.812), fl(25,65,12.756),fl(25,75,14.719),
  fl(25,80,15.700),fl(25,90,17.662),fl(25,100,19.625),

  // ─── 32mm Width ───────────────────────────────────────────
  fl(32,6,1.507),  fl(32,8,2.010),  fl(32,10,2.512), fl(32,12,3.014),
  fl(32,16,4.019), fl(32,20,5.024), fl(32,25,6.280), fl(32,32,8.038),
  fl(32,40,10.048),fl(32,50,12.560),fl(32,65,16.328),fl(32,75,18.840),
  fl(32,80,20.096),fl(32,90,22.608),fl(32,100,25.120),

  // ─── 40mm Width ───────────────────────────────────────────
  fl(40,6,1.884),  fl(40,8,2.512),  fl(40,10,3.140), fl(40,12,3.768),
  fl(40,16,5.024), fl(40,20,6.280), fl(40,25,7.850), fl(40,32,10.048),
  fl(40,40,12.560),fl(40,50,15.700),fl(40,65,20.410),fl(40,75,23.550),
  fl(40,80,25.120),fl(40,90,28.260),fl(40,100,31.400),

  // ─── 50mm Width ───────────────────────────────────────────
  fl(50,6,2.355),  fl(50,8,3.140),  fl(50,10,3.925), fl(50,12,4.710),
  fl(50,16,6.280), fl(50,20,7.850), fl(50,25,9.812), fl(50,32,12.560),
  fl(50,40,15.700),fl(50,50,19.625),fl(50,65,25.512),fl(50,75,29.437),
  fl(50,80,31.400),fl(50,90,35.325),fl(50,100,39.250),

  // ─── 65mm Width ───────────────────────────────────────────
  fl(65,6,3.061),  fl(65,8,4.082),  fl(65,10,5.102), fl(65,12,6.123),
  fl(65,16,8.164), fl(65,20,10.205),fl(65,25,12.756),fl(65,32,16.328),
  fl(65,40,20.410),fl(65,50,25.512),fl(65,65,33.166),fl(65,75,38.269),
  fl(65,80,40.820),fl(65,90,45.922),fl(65,100,51.025),

  // ─── 75mm Width ───────────────────────────────────────────
  fl(75,6,3.532),  fl(75,8,4.710),  fl(75,10,5.887), fl(75,12,7.065),
  fl(75,16,9.420), fl(75,20,11.775),fl(75,25,14.719),fl(75,32,18.840),
  fl(75,40,23.550),fl(75,50,29.437),fl(75,65,38.269),fl(75,75,44.156),
  fl(75,80,47.100),fl(75,90,52.987),fl(75,100,58.875),

  // ─── 80mm Width ───────────────────────────────────────────
  fl(80,6,3.768),  fl(80,8,5.024),  fl(80,10,6.280), fl(80,12,7.536),
  fl(80,16,10.048),fl(80,20,12.560),fl(80,25,15.700),fl(80,32,20.096),
  fl(80,40,25.120),fl(80,50,31.400),fl(80,65,40.820),fl(80,75,47.100),
  fl(80,80,50.240),fl(80,90,56.520),fl(80,100,62.800),

  // ─── 100mm Width ──────────────────────────────────────────
  fl(100,6,4.710),  fl(100,8,6.280),  fl(100,10,7.850), fl(100,12,9.420),
  fl(100,16,12.560),fl(100,20,15.700),fl(100,25,19.625),fl(100,32,25.120),
  fl(100,40,31.400),fl(100,50,39.250),fl(100,65,51.025),fl(100,75,58.875),
  fl(100,80,62.800),fl(100,90,70.650),fl(100,100,78.500),

  // ─── 125mm Width ──────────────────────────────────────────
  fl(125,6,5.887),  fl(125,8,7.850),  fl(125,10,9.812), fl(125,12,11.775),
  fl(125,16,15.700),fl(125,20,19.625),fl(125,25,24.531),fl(125,32,31.400),
  fl(125,40,39.250),fl(125,50,49.062),fl(125,65,63.781),fl(125,75,73.594),
  fl(125,80,78.500),fl(125,90,88.312),fl(125,100,98.125),

  // ─── 150mm Width ──────────────────────────────────────────
  fl(150,6,7.065),  fl(150,8,9.420),  fl(150,10,11.775),fl(150,12,14.130),
  fl(150,16,18.840),fl(150,20,23.550),fl(150,25,29.437),fl(150,32,37.680),
  fl(150,40,47.100),fl(150,50,58.875),fl(150,65,76.537),fl(150,75,88.312),
  fl(150,80,94.200),fl(150,90,105.975),fl(150,100,117.750),

  // ─── 200mm Width ──────────────────────────────────────────
  fl(200,6,9.420),  fl(200,8,12.560), fl(200,10,15.700),fl(200,12,18.840),
  fl(200,16,25.120),fl(200,20,31.400),fl(200,25,39.250),fl(200,32,50.240),
  fl(200,40,62.800),fl(200,50,78.500),fl(200,65,102.050),fl(200,75,117.750),
  fl(200,80,125.600),fl(200,90,141.300),fl(200,100,157.000),

  // ─── 250mm Width ──────────────────────────────────────────
  fl(250,6,11.775), fl(250,8,15.700), fl(250,10,19.625),fl(250,12,23.550),
  fl(250,16,31.400),fl(250,20,39.250),fl(250,25,49.062),fl(250,32,62.800),
  fl(250,40,78.500),fl(250,50,98.125),fl(250,65,127.562),fl(250,75,147.188),
  fl(250,80,157.000),fl(250,90,176.625),fl(250,100,196.250),

  // ─── 300mm Width ──────────────────────────────────────────
  fl(300,6,14.130), fl(300,8,18.840), fl(300,10,23.550),fl(300,12,28.260),
  fl(300,16,37.680),fl(300,20,47.100),fl(300,25,58.875),fl(300,32,75.360),
  fl(300,40,94.200),fl(300,50,117.750),fl(300,65,153.075),fl(300,75,176.625),
  fl(300,80,188.400),fl(300,90,211.950),fl(300,100,235.500),
];
